   7.1160000e+02
   7.0550000e+02
   7.0960000e+02
   6.9200000e+02
   6.7620000e+02
   6.4840000e+02
   6.3730000e+02
   6.3030000e+02
   6.1950000e+02
   6.1360000e+02
   6.0170000e+02
   5.9800000e+02
   5.9790000e+02
   5.8940000e+02
   5.8180000e+02
   5.7220000e+02
   5.7840000e+02
   5.7400000e+02
   5.7150000e+02
   5.7210000e+02
   5.6540000e+02
   5.7490000e+02
   5.7680000e+02
   5.7860000e+02
   5.8770000e+02
   5.8430000e+02
   5.9360000e+02
   6.0320000e+02
   6.2110000e+02
   6.4430000e+02
   6.6230000e+02
   6.7870000e+02
   6.9360000e+02
   7.2130000e+02
   7.4350000e+02
   7.6440000e+02
   7.8630000e+02
   8.0530000e+02
   8.2600000e+02
   8.4090000e+02
   8.4970000e+02
   8.6020000e+02
   8.7330000e+02
   8.7490000e+02
   8.8220000e+02
   8.8310000e+02
   8.8950000e+02
   8.8810000e+02
   8.8220000e+02
   8.5480000e+02
   8.4530000e+02
   8.2950000e+02
   8.2190000e+02
   8.1660000e+02
   8.0990000e+02
   8.0410000e+02
   7.9390000e+02
   7.7980000e+02
   7.8360000e+02
   7.7850000e+02
   7.7840000e+02
   7.7000000e+02
   7.8000000e+02
   7.7860000e+02
   7.6710000e+02
   7.6240000e+02
   7.4920000e+02
   7.5680000e+02
   7.6380000e+02
   7.9990000e+02
   8.2230000e+02
   8.4860000e+02
   8.7030000e+02
   8.7500000e+02
   8.8920000e+02
   8.9020000e+02
   8.8020000e+02
   8.7150000e+02
   8.4880000e+02
   8.4930000e+02
   8.3880000e+02
   8.2500000e+02
   8.1140000e+02
   7.8640000e+02
   7.6560000e+02
   7.5090000e+02
   7.3710000e+02
   7.1390000e+02
   7.0630000e+02
   7.5130000e+02
   7.8380000e+02
   7.6100000e+02
   7.4560000e+02
   7.2260000e+02
   6.9930000e+02
   6.8090000e+02
   7.1160000e+02
