#1
double tab1(25,2)
0	0.0333333333333333
3600	0.0333333333333333
7200	0.0138888888888889
10800	0.0138888888888889
14400	0.000757575757575758
18000	0.000757575757575758
21600	0.000505050505050505
25200	0.000348121597764728
28800	0.000182784665218371
32400	0.000142836722683263
36000	0.000155400155400155
39600	0.000252525252525253
43200	0.000432900432900433
46800	0.000290429767620878
50400	0.000252525252525253
54000	0.000155400155400155
57600	0.00202020202020202
61200	0.0111111111111111
64800	0.0487374909722083
68400	0.0557040998217469
72000	0.114285714285714
75600	0.384615384615385
79200	0.500000000000000
82800	0.0333333333333333
86400	0.0333333333333333

