   1.0232700e+02
   1.0164380e+02
   9.9468600e+01
   7.8205200e+01
   9.4761600e+01
   9.9982800e+01
   1.2303800e+02
   1.1133520e+02
   1.1566000e+02
   1.3775080e+02
   1.4766840e+02
   1.0572300e+02
   1.2237760e+02
   1.2712340e+02
   1.5231000e+02
   1.8000000e+02
   1.7664760e+02
   1.7543620e+02
   1.8000000e+02
   1.8000000e+02
   1.8000000e+02
   1.8000000e+02
   1.8000000e+02
   1.8000000e+02
   1.8000000e+02
   1.6438480e+02
   1.6110980e+02
   1.6501160e+02
   1.8000000e+02
   1.7134940e+02
   1.7545180e+02
   1.3263800e+02
   1.1831080e+02
   1.2491580e+02
   1.2979500e+02
   1.0555180e+02
   1.0835720e+02
   7.4627600e+01
   4.8350000e+01
   4.7778600e+01
   5.8889200e+01
   6.9232200e+01
   9.0465400e+01
   9.5629400e+01
   9.3968600e+01
   1.4767780e+02
   1.1937820e+02
   1.1144620e+02
   1.0574160e+02
   9.4559800e+01
   7.7601200e+01
   7.0809400e+01
   5.7970000e+01
   5.0545400e+01
   5.5474600e+01
   5.5836200e+01
   7.8529000e+01
   7.4429400e+01
   7.4690800e+01
   8.0362200e+01
   5.7320600e+01
   4.8757600e+01
   5.1928400e+01
   5.0743400e+01
   6.8672000e+01
   8.6717200e+01
   1.0446280e+02
   9.6310600e+01
   5.8086400e+01
   6.1917600e+01
   8.2927800e+01
   8.7883000e+01
   8.7759800e+01
   1.0266640e+02
   1.3027220e+02
   1.4563200e+02
   1.8000000e+02
   1.8000000e+02
   1.8000000e+02
   1.8000000e+02
   1.8000000e+02
   1.7630700e+02
   1.1786920e+02
   1.1965540e+02
   1.0933860e+02
   9.9684800e+01
   1.0280220e+02
   1.2071920e+02
   1.2025460e+02
   1.1463820e+02
   1.5142660e+02
   1.6226320e+02
   1.2492260e+02
   1.5448840e+02
   1.8000000e+02
   1.3661260e+02
   1.1647220e+02
